516 140 522 94 6.48329 4249
516 36 482 34 6.4824 4590
516 156 510 118 6.47106 4249
516 52 482 40 6.47298 4590
516 220 504 298 6.45171 6089
516 268 482 154 6.47222 8998
516 276 498 262 6.47853 5514
516 300 562 272 6.47278 5521
516 308 568 282 6.4653 5566
516 332 524 358 6.48235 6155
516 340 530 370 6.48856 6155
516 388 510 376 6.46072 8254
516 412 506 404 6.46093 7147
516 420 522 430 6.47913 7235
516 428 522 438 6.48826 7235
516 108 532 58 6.48369 6083
516 28 478 10 6.433 6026
516 452 530 454 6.50435 8906
516 460 526 458 6.49835 7475
516 468 504 466 6.48694 7483
516 124 498 96 6.47634 4249
524 156 526 218 6.46577 7113
524 212 466 210 6.4461 5777
524 260 514 246 6.47727 4783
524 268 488 154 6.47174 8998
524 276 506 260 6.47486 5514
524 284 506 266 6.47611 5514
524 324 526 334 6.47083 7449
524 332 528 338 6.47227 7449
524 404 512 394 6.47192 7989
524 412 526 412 6.47617 7475
524 420 530 430 6.48782 7235
524 444 534 446 6.47998 7475
524 452 536 454 6.47167 7475
524 468 534 466 6.5078 7475
524 476 520 474 6.47569 7596
132 36 130 46 6.56437 2114
132 156 126 162 6.54816 2
132 164 122 150 6.55168 4191
132 172 126 158 6.55238 4191
132 44 112 70 6.56819 1019
132 180 158 184 6.5426 3679
132 196 134 168 6.55522 34
132 204 136 176 6.55938 34
132 52 128 58 6.55298 2114
132 212 142 194 6.56168 34
132 220 140 200 6.56716 34
132 252 124 250 6.55322 54
132 4 152 2 6.54809 1941
132 260 136 248 6.55574 28
132 276 126 266 6.5219 28
132 20 118 38 6.55376 1019
132 84 138 82 6.58325 76
132 348 112 346 6.54686 254
132 396 138 382 6.54685 158
132 100 134 100 6.56043 76
132 412 70 424 6.51966 34
132 108 136 108 6.57185 76
132 28 122 50 6.55238 1019
132 124 98 136 6.56276 377
532 132 486 126 6.46617 6753
532 140 484 132 6.46806 6753
532 148 534 210 6.48004 7211
532 276 526 266 6.47135 4783
532 308 578 278 6.46614 5521
532 316 534 322 6.45621 7368
532 324 538 326 6.46678 8504
532 332 538 334 6.47394 8504
532 356 534 354 6.47827 7440
532 380 534 390 6.47433 4722
532 388 542 402 6.45917 7441
532 116 520 78 6.4344 5652
532 476 508 474 6.4648 8159
532 124 534 88 6.46004 6701
540 132 494 126 6.47117 6753
540 36 492 22 6.45225 6374
540 148 542 206 6.49232 7066
540 156 540 214 6.49394 7066
540 172 554 226 6.4834 7211
540 44 494 24 6.46215 8576
540 188 538 144 6.40306 8317
540 4 486 0 6.42324 7761
540 276 554 294 6.47926 7465
540 284 554 302 6.47484 7465
540 316 510 272 6.47157 7372
540 332 548 334 6.47245 8691
540 84 550 34 6.45697 6960
540 356 540 354 6.47944 7440
540 92 554 38 6.45636 6960
540 372 542 384 6.478 4722
540 476 514 474 6.46764 8159
548 36 486 10 6.45568 6976
548 148 548 206 6.49039 7066
548 156 548 210 6.49653 7066
548 172 526 212 6.47686 7834
548 44 558 0 6.46974 7532
548 212 546 286 6.4699 8127
548 268 566 282 6.47122 9172
548 284 566 238 6.48634 8063
548 300 570 256 6.48319 8063
548 316 554 316 6.46131 8515
548 324 554 328 6.4713 4722
548 332 552 338 6.47184 4722
548 340 550 354 6.47008 7449
548 356 542 360 6.46293 9172
548 92 538 58 6.44861 9660
548 100 538 172 6.43878 12882
548 412 538 412 6.45563 7362
548 420 538 418 6.45891 7362
548 428 546 428 6.43621 10007
548 444 538 432 6.44012 9413
548 460 542 424 6.43025 9272
556 172 554 240 6.4731 7280
556 44 570 0 6.46479 7532
556 228 582 166 6.44197 6626
556 236 590 166 6.48397 6626
556 60 506 42 6.4784 6374
556 300 582 258 6.47364 8063
556 316 558 284 6.46831 6006
556 324 562 326 6.47217 4722
556 332 564 336 6.46498 8504
556 356 544 336 6.46744 6393
556 380 570 372 6.47252 9860
556 412 550 412 6.45356 6269
556 420 550 420 6.45125 7362
556 116 574 178 6.50304 7615
556 124 570 184 6.49875 7615
140 132 118 110 6.55964 4444
140 36 136 46 6.56913 2114
140 164 130 150 6.5563 4191
140 172 138 184 6.55723 2
140 44 138 50 6.56741 2114
140 52 138 58 6.54831 2114
140 60 134 70 6.55019 2114
140 252 130 252 6.55668 54
140 268 138 274 6.55417 26
140 276 138 262 6.55408 2
140 316 120 292 6.53629 169
140 20 158 10 6.53829 134
140 332 134 310 6.54946 9
140 84 150 78 6.57795 76
140 348 122 328 6.54229 1003
140 92 146 88 6.58397 76
140 372 134 362 6.53356 3
140 100 144 102 6.56726 76
140 108 146 108 6.5612 76
140 28 136 38 6.55896 4107
140 468 78 466 6.49636 5193
140 124 104 134 6.56336 377
564 36 546 10 6.4629 9676
564 148 582 202 6.49439 7615
564 12 542 96 6.43033 10773
564 84 520 66 6.42159 7106
564 356 562 356 6.46314 8063
564 92 526 182 6.41735 15070
564 372 574 366 6.45843 7402
564 380 576 374 6.4749 9860
564 388 550 394 6.48198 7122
564 396 552 402 6.48674 7122
564 100 554 174 6.4654 10773
564 428 558 428 6.45902 7034
564 436 558 436 6.45401 7034
564 460 562 430 6.452 7465
564 116 580 178 6.49537 7615
564 468 568 466 6.43866 7829
564 124 578 184 6.49664 7615
572 156 556 58 6.48957 7910
572 164 556 66 6.47645 7910
572 172 586 202 6.48747 9194
572 44 552 18 6.46204 9676
572 180 552 88 6.4838 7910
572 196 542 248 6.46612 7895
572 52 544 18 6.47411 9676
572 220 560 186 6.47913 7723
572 60 546 24 6.4751 9676
572 260 574 224 6.48029 8452
572 268 574 232 6.48277 8452
572 284 594 250 6.46463 8063
572 340 566 346 6.46692 8731
572 356 570 354 6.45623 8731
572 388 558 394 6.4813 7122
572 396 562 400 6.48904 7122
572 404 572 394 6.48093 6582
572 412 568 406 6.47813 7122
572 428 568 426 6.45127 7034
572 436 566 434 6.45746 7034
572 460 566 450 6.44892 7148
572 468 568 462 6.44644 7034
572 476 580 474 6.41026 7829
572 124 586 178 6.49391 7615
36 132 22 148 6.54701 4444
36 44 54 38 6.53413 4444
36 188 22 196 6.53844 2608
36 12 22 6 6.47889 4001
36 52 58 46 6.52775 4444
36 212 30 206 6.53056 2608
36 220 36 208 6.54013 4010
36 244 34 258 6.5372 153
36 260 38 270 6.54649 153
36 268 38 274 6.53314 153
36 20 26 16 6.49866 2608
36 84 18 130 6.54722 332
36 92 94 146 6.54482 6708
36 124 26 142 6.54822 4444
580 148 538 218 6.49943 8981
580 164 566 70 6.4871 7910
580 44 556 14 6.46911 9676
580 180 520 238 6.47956 13640
580 188 522 250 6.47941 13640
580 196 534 258 6.47978 8981
580 204 538 262 6.4931 8981
580 244 576 242 6.48315 11686
580 260 576 214 6.49538 8452
580 268 580 248 6.48353 10880
580 324 586 326 6.44442 8891
580 356 582 354 6.47469 8063
580 364 582 360 6.46305 8063
580 396 582 386 6.4751 6582
580 428 600 412 6.43128 11525
580 436 582 446 6.44858 6269
580 444 582 456 6.4488 6269
580 452 588 446 6.43949 6372
580 460 590 450 6.45111 6372
580 116 592 174 6.49323 7615
580 468 578 454 6.43332 7148
580 124 592 182 6.49081 7615
588 140 568 198 6.49015 6991
588 148 546 218 6.50081 8981
588 156 546 224 6.49471 8981
588 172 606 208 6.49354 7277
588 44 562 14 6.46966 9676
588 180 610 210 6.48767 9194
588 188 530 250 6.48009 13640
588 196 546 254 6.48453 8981
588 204 544 262 6.49088 8981
588 260 582 216 6.49075 8452
588 268 584 224 6.49282 8452
588 68 568 30 6.45635 8120
588 276 590 270 6.48219 11686
588 76 566 32 6.46758 8120
588 84 568 42 6.46509 8120
588 340 590 334 6.47194 8063
588 348 582 342 6.46205 8731
588 356 590 350 6.46224 8063
588 364 588 362 6.46568 8063
588 92 610 42 6.45558 10665
588 372 594 362 6.45079 8731
588 380 590 370 6.45446 6582
588 388 584 378 6.47465 8063
588 396 586 386 6.4738 8063
588 404 576 398 6.46341 7122
588 412 578 408 6.46166 7122
588 420 608 402 6.43437 11525
588 428 590 422 6.45819 9996
588 436 588 430 6.45651 9996
588 452 594 446 6.43084 6372
588 476 592 470 6.42248 7829
588 124 584 210 6.48469 10773
148 132 156 86 6.54982 132
148 36 158 36 6.56713 2114
148 148 144 118 6.5409 3941
148 156 138 126 6.55081 3941
148 44 160 46 6.57012 2114
148 196 158 198 6.54194 56
148 52 158 58 6.57636 2114
148 228 146 216 6.55947 28
148 60 158 66 6.57937 2114
148 4 138 0 6.55415 3679
148 260 146 248 6.55583 2
148 276 148 262 6.5546 2
148 340 146 314 6.56135 9
148 92 152 98 6.55063 3623
148 444 118 426 6.51234 4931
148 468 120 450 6.52297 4931
148 476 160 478 6.50259 1773
148 124 128 106 6.55924 4444
596 140 610 186 6.49088 9194
596 36 562 2 6.46099 9504
596 148 616 198 6.49776 8154
596 172 552 248 6.48228 8981
596 180 616 210 6.48867 9194
596 260 608 260 6.47411 6428
596 324 624 296 6.46844 8063
596 332 622 304 6.46971 8063
596 340 594 332 6.47795 8063
596 348 598 340 6.47702 8063
596 356 602 346 6.4666 8063
596 380 602 372 6.47609 8063
596 388 600 380 6.45481 6582
596 396 596 394 6.46178 6582
596 404 596 402 6.46803 6582
596 428 594 422 6.46241 9996
596 460 568 434 6.44057 8016
596 116 586 34 6.46389 7318
596 124 616 160 6.49172 9194
604 148 624 198 6.49046 8154
604 156 606 182 6.49091 7113
604 164 602 160 6.50016 7064
604 172 562 250 6.48039 8981
604 180 550 238 6.48472 8981
604 196 550 266 6.48239 8981
604 204 550 274 6.49009 8981
604 52 552 40 6.42827 7922
604 220 598 298 6.46611 7971
604 276 602 274 6.48328 7064
604 300 594 282 6.46321 5760
604 308 590 290 6.46931 5760
604 324 634 296 6.47791 8063
604 332 630 304 6.47868 8063
604 340 602 330 6.48285 8063
604 348 606 342 6.4729 8063
604 356 610 350 6.47268 8063
604 372 606 364 6.46974 8063
604 380 608 374 6.4446 8063
604 100 602 50 6.45786 6543
604 404 606 398 6.43611 6448
604 444 608 434 6.43402 6157
604 452 578 428 6.43901 8016
604 460 578 438 6.44043 8016
612 148 610 174 6.48894 7113
612 156 614 152 6.49074 7064
612 164 610 160 6.4918 7064
612 252 606 256 6.47468 8349
612 4 602 94 6.47155 10773
612 268 610 266 6.48936 7064
612 276 610 274 6.49009 7064
612 316 614 318 6.46634 10198
612 324 610 328 6.46947 10135
612 340 614 354 6.46398 10135
612 356 610 366 6.45732 10135
612 404 614 390 6.44919 9033
612 108 622 58 6.45818 10665
612 460 584 434 6.42912 8016
620 148 620 200 6.48914 7971
620 156 602 168 6.49047 7280
620 12 608 106 6.46932 10773
620 52 598 16 6.43858 10894
620 60 614 20 6.42908 11831
620 252 626 256 6.47208 7064
620 4 608 94 6.47616 10773
620 260 618 264 6.47958 8349
620 268 624 266 6.48341 7064
620 276 624 278 6.48694 7064
620 324 618 328 6.45894 10198
620 332 626 320 6.44133 7113
620 340 618 352 6.43752 10198
620 348 622 338 6.44394 7248
620 356 616 366 6.46724 10135
620 364 616 378 6.47897 10135
620 372 634 364 6.44836 6464
620 388 614 396 6.45024 6953
620 396 570 420 6.42948 7859
620 404 618 392 6.4387 9033
620 412 618 400 6.4467 9033
620 108 580 174 6.45493 15317
620 444 602 424 6.44012 8016
620 476 608 456 6.39373 11064
156 36 170 34 6.57077 2114
156 148 158 138 6.54218 1678
156 156 178 122 6.54405 3679
156 172 154 162 6.54796 140
156 12 148 10 6.55223 3679
156 52 164 58 6.57664 2114
156 212 134 230 6.55777 3623
156 220 198 218 6.56449 3040
156 60 164 66 6.57009 2114
156 244 154 242 6.55535 56
156 4 150 2 6.55139 3679
156 20 174 14 6.54288 134
156 348 132 322 6.56441 913
156 356 174 392 6.56615 570
156 364 174 400 6.55395 570
156 460 126 438 6.51009 4931
628 36 594 0 6.42144 10688
628 148 632 178 6.48429 7113
628 156 622 138 6.49137 6863
628 172 626 168 6.48722 7064
628 180 626 176 6.48708 7064
628 52 626 12 6.43113 11831
628 228 608 218 6.48152 7064
628 4 586 2 6.42522 11420
628 276 634 278 6.48368 7064
628 316 634 312 6.45787 11470
628 332 632 320 6.46292 11470
628 348 632 338 6.4455 7248
628 364 622 370 6.47351 7211
628 92 598 60 6.44422 11181
628 380 622 386 6.44741 6750
628 100 586 58 6.4515 13131
628 108 630 58 6.45921 10459
628 444 630 422 6.40268 8560
628 452 612 430 6.4227 8251
628 476 618 456 6.39284 11064
636 148 634 162 6.4847 8169
636 164 622 150 6.49009 6863
636 44 606 14 6.42359 9660
636 244 586 274 6.46547 7834
636 252 634 254 6.48928 6863
636 268 634 268 6.4868 6863
636 68 626 32 6.43423 11831
636 316 638 310 6.46128 11470
636 332 622 320 6.4456 7211
636 364 630 374 6.46876 7211
636 380 630 386 6.42324 6750
636 100 638 46 6.45062 10459
636 108 616 66 6.46142 10906
636 436 638 418 6.34973 9103
636 116 614 70 6.46086 10906
636 476 638 474 6.35115 11081
164 36 174 30 6.57045 2114
164 148 194 120 6.53404 3679
164 172 162 166 6.51765 26
164 44 174 40 6.56942 2114
164 188 178 198 6.55723 56
164 52 178 52 6.55513 2114
164 220 154 214 6.56638 0
164 60 170 58 6.56661 4314
164 4 166 4 6.54039 3362
164 348 172 344 6.56494 910
164 356 142 334 6.56612 913
164 364 158 362 6.56303 809
164 372 142 346 6.54675 913
164 116 164 78 6.53987 306
164 468 122 470 6.51537 5057
172 36 186 32 6.56888 2114
172 148 200 122 6.52749 3679
172 164 164 158 6.54242 7
172 44 186 46 6.56763 4314
172 204 158 226 6.56351 7
172 52 186 54 6.5664 4314
172 212 164 206 6.56281 0
172 220 206 226 6.57107 3040
172 228 206 232 6.56281 3040
172 236 168 234 6.55494 56
172 244 166 242 6.55475 56
172 4 178 6 6.54478 3362
172 300 154 280 6.54963 1003
172 20 182 22 6.56454 3679
172 340 188 382 6.57175 570
172 348 186 390 6.57079 570
172 396 104 406 6.54376 34
172 28 178 28 6.56753 3679
172 116 172 78 6.54779 134
172 124 174 86 6.5436 134
44 156 54 120 6.53852 26
44 164 62 178 6.53459 312
44 188 30 196 6.52857 2608
44 212 66 224 6.54822 4677
44 228 42 214 6.55499 312
44 244 18 242 6.52886 2608
44 4 38 24 6.487 4152
44 260 46 286 6.54705 105
44 268 48 296 6.54572 105
44 100 68 86 6.55167 3832
44 28 34 22 6.48528 2608
180 156 182 154 6.5335 3
180 164 182 164 6.55169 30
180 172 184 174 6.55606 30
180 44 194 50 6.57318 4314
180 180 182 190 6.55449 9
180 196 180 218 6.5614 56
180 204 174 218 6.55539 104
180 52 194 58 6.57316 4314
180 212 166 234 6.55314 7
180 228 176 250 6.54792 9
180 60 200 62 6.56758 4267
180 76 190 58 6.55296 54
180 308 142 318 6.56017 92
180 332 172 342 6.55731 676
180 340 194 384 6.57137 570
180 348 194 392 6.56919 570
180 356 158 376 6.56926 92
180 364 160 382 6.56781 92
180 396 174 390 6.5632 701
180 404 156 388 6.55793 674
180 452 152 454 6.52867 4931
180 116 178 82 6.54074 134
180 468 94 466 6.49885 3552
180 476 146 474 6.50911 3931
180 124 178 88 6.54458 134
188 132 188 96 6.55992 119
188 140 190 104 6.55066 134
188 156 190 154 6.5264 3
188 164 190 166 6.54957 30
188 172 186 184 6.56093 9
188 180 190 194 6.55208 9
188 188 180 202 6.56876 7
188 196 188 214 6.56992 56
188 276 178 240 6.53757 483
188 20 188 14 6.54495 54
188 348 200 420 6.56059 1704
188 356 182 386 6.56727 570
188 364 182 392 6.57187 570
188 92 182 104 6.54476 173
188 396 168 364 6.57765 913
188 404 166 372 6.57212 913
188 108 190 76 6.51813 119
188 468 202 466 6.53579 3735
188 476 158 478 6.52112 3269
188 124 186 88 6.55221 119
12 140 10 166 6.53547 228
12 36 10 38 6.50359 752
12 172 16 178 6.51142 4968
12 236 0 218 6.5186 562
12 244 6 238 6.51087 228
12 308 0 314 6.51971 3063
12 316 0 320 6.51635 3063
12 324 0 328 6.51017 3063
12 364 22 380 6.49529 3057
12 92 6 134 6.5372 228
196 140 198 106 6.55562 134
196 172 198 182 6.56314 9
196 180 194 190 6.5524 9
196 204 190 222 6.56774 56
196 212 194 230 6.5624 56
196 236 198 246 6.55803 22
196 60 194 46 6.55321 134
196 4 182 10 6.54661 1798
196 68 202 50 6.54773 134
196 316 190 294 6.55712 719
196 324 194 302 6.55559 719
196 92 210 56 6.52235 134
196 372 248 436 6.55662 857
196 380 170 358 6.57057 674
196 388 178 358 6.56744 995
196 396 178 364 6.57486 913
196 404 178 372 6.57149 913
196 108 194 76 6.51784 119
196 116 204 70 6.52858 50
196 468 214 466 6.53323 3735
196 476 168 478 6.51264 3269
196 124 194 90 6.55762 119
204 36 190 6 6.54879 1028
204 172 222 186 6.56935 17
204 44 190 18 6.55639 1028
204 180 222 192 6.5599 17
204 188 210 198 6.55389 56
204 196 210 208 6.55808 56
204 204 202 220 6.56508 56
204 220 210 216 6.55693 17
204 228 208 226 6.55569 17
204 244 200 242 6.56209 17
204 252 198 254 6.54929 285
204 260 174 224 6.555 149
204 268 182 274 6.55127 76
204 300 200 274 6.55256 1565
204 316 200 294 6.55673 719
204 324 204 298 6.55548 734
204 332 202 304 6.55309 734
204 348 206 374 6.57443 570
204 356 208 358 6.56504 100
204 364 192 358 6.56683 701
204 380 180 348 6.56624 913
204 404 220 394 6.57061 48
204 460 172 468 6.53712 3269
204 116 208 74 6.52066 0
204 468 226 466 6.52089 1528
52 140 50 138 6.56011 3212
52 148 50 146 6.56693 2114
52 164 40 144 6.55691 429
52 180 50 166 6.54713 5
52 188 46 194 6.54108 0
52 196 46 200 6.55377 0
52 52 74 8 6.54105 4191
52 4 56 38 6.52325 4107
52 260 54 286 6.54776 105
52 268 54 294 6.54925 105
52 68 58 70 6.54137 2114
52 276 54 304 6.53225 105
52 76 60 76 6.55953 3040
52 84 58 82 6.55737 3040
52 100 74 86 6.56239 3829
52 116 48 116 6.5419 0
212 140 224 94 6.53497 50
212 148 230 164 6.54186 104
212 156 230 172 6.55134 17
212 172 234 186 6.56417 17
212 44 200 42 6.55469 1353
212 180 230 192 6.56592 17
212 204 214 200 6.54136 285
212 220 220 218 6.55011 9
212 228 222 224 6.54624 9
212 268 208 266 6.55075 2
212 276 210 290 6.54702 28
212 284 222 306 6.53692 269
212 300 210 274 6.54764 1565
212 20 206 22 6.54499 1587
212 332 210 304 6.54354 734
212 340 212 370 6.57149 570
212 356 216 358 6.57383 910
212 364 220 366 6.56838 910
212 372 214 442 6.56671 1539
212 380 188 346 6.56884 913
212 388 188 354 6.57431 913
212 396 186 370 6.56448 913
212 460 178 468 6.52688 3269
220 148 240 162 6.531 104
220 44 208 46 6.54481 1587
220 180 232 198 6.56463 17
220 12 226 6 6.5401 1612
220 204 222 202 6.54661 285
220 212 228 258 6.52871 2365
220 228 226 226 6.55352 17
220 60 212 34 6.5248 1028
220 260 220 274 6.54455 28
220 268 220 280 6.54309 30
220 276 224 236 6.54633 177
220 316 202 330 6.54367 169
220 20 202 0 6.55961 1028
220 348 222 350 6.56757 910
220 364 226 366 6.57211 910
220 380 242 396 6.55579 910
220 388 242 404 6.56862 910
220 396 238 382 6.56552 48
220 404 238 392 6.56258 48
220 28 206 8 6.55713 1028
220 460 230 458 6.53508 3735
220 468 234 466 6.53517 3735
220 476 234 472 6.47519 1790
228 132 238 102 6.53013 38
228 156 238 178 6.54883 17
228 172 242 188 6.56576 17
228 196 238 210 6.53535 269
228 220 230 220 6.56002 17
228 228 234 228 6.55704 17
228 252 230 266 6.53216 17
228 4 216 2 6.5507 1815
228 268 230 282 6.55726 28
228 276 232 292 6.54878 28
228 284 232 306 6.53799 30
228 20 212 0 6.56083 1028
228 324 200 286 6.54612 463
228 332 210 334 6.54584 604
228 340 206 346 6.55307 604
228 396 230 388 6.56505 7
228 28 212 8 6.56224 1028
228 468 242 466 6.54105 3735
236 172 250 186 6.5544 2
236 52 234 22 6.5329 5
236 220 242 222 6.55925 28
236 228 242 232 6.5649 28
236 260 236 272 6.53101 28
236 276 240 294 6.55707 28
236 284 206 266 6.54253 34
236 332 254 334 6.54882 98
236 92 214 70 6.51303 26
236 404 230 410 6.56205 701
236 412 232 420 6.56002 701
236 28 216 8 6.54701 0
236 460 254 456 6.53344 3735
236 468 254 464 6.54552 3735
236 476 254 474 6.53913 1412
236 124 244 96 6.53648 38
60 140 54 134 6.55268 3212
60 156 42 168 6.56569 0
60 172 34 186 6.53311 0
60 188 52 192 6.54978 0
60 196 56 196 6.54451 3679
60 204 58 210 6.54579 0
60 52 82 10 6.54391 4191
60 212 54 200 6.55587 0
60 220 54 208 6.56153 0
60 228 62 220 6.54499 3040
60 252 34 248 6.50577 2608
60 268 58 298 6.53588 105
60 76 68 78 6.55612 3040
60 92 86 78 6.56728 3829
60 388 14 400 6.46826 574
60 100 80 86 6.56059 4444
60 404 28 358 6.4744 141
60 412 10 434 6.43416 703
244 140 258 102 6.54758 38
244 148 254 114 6.55053 38
244 156 262 170 6.55455 2
244 164 258 182 6.54142 2
244 172 258 186 6.55168 2
244 180 254 198 6.55847 2
244 12 234 42 6.51318 2622
244 220 222 250 6.5577 771
244 4 230 32 6.51875 2622
244 268 252 294 6.54881 1724
244 276 256 298 6.55517 216
244 332 262 334 6.54222 98
244 340 264 340 6.54299 98
244 92 218 70 6.51265 0
244 100 218 76 6.53106 0
244 404 242 414 6.55443 100
244 108 222 82 6.52946 0
244 452 246 454 6.5387 3516
244 460 266 456 6.53783 3735
244 468 266 466 6.54166 3735
244 476 270 474 6.53578 1412
252 36 236 36 6.52576 1102
252 44 244 26 6.51204 228
252 180 218 152 6.51363 2
252 220 240 250 6.54984 771
252 268 260 292 6.55081 1724
252 284 266 306 6.55149 216
252 20 234 14 6.52823 990
252 332 124 318 6.54456 2155
252 84 224 64 6.51292 0
252 340 246 336 6.54949 995
252 356 232 334 6.54368 22
252 364 246 384 6.5426 19
252 380 224 354 6.56551 913
252 396 222 368 6.56576 913
252 100 226 76 6.52363 0
252 404 270 416 6.56371 2447
252 412 272 426 6.56242 2447
252 428 270 442 6.54289 2912
252 108 230 82 6.51118 0
252 460 258 462 6.5438 3516
252 476 282 474 6.528 1412
4 36 0 40 6.50668 752
4 164 6 166 6.52607 3754
4 172 8 174 6.51633 2939
4 44 28 36 6.50634 4456
4 60 32 50 6.51785 4456
4 68 16 46 6.51491 6928
4 28 0 34 6.51531 752
4 116 78 140 6.5375 6708
260 132 222 108 6.54464 86
260 36 242 36 6.51117 990
260 196 234 158 6.52378 5
260 268 248 262 6.54 333
260 308 258 306 6.54344 572
260 20 246 10 6.52613 884
260 324 282 348 6.54921 271
260 348 242 334 6.55058 250
260 364 246 344 6.54969 250
260 92 238 74 6.52129 0
260 380 234 354 6.56427 913
260 388 234 362 6.56861 913
260 404 278 418 6.56618 2447
260 468 262 466 6.53715 3516
268 180 302 214 6.50254 423
268 12 254 6 6.5205 884
268 204 234 174 6.55339 9
268 212 230 182 6.55558 9
268 228 244 192 6.55347 68
268 236 272 254 6.54532 42
268 260 252 230 6.53988 916
268 292 266 284 6.55161 916
268 300 266 294 6.54935 916
268 20 256 10 6.52284 884
268 356 254 338 6.56005 250
268 364 254 346 6.55487 250
268 396 242 366 6.55732 913
268 100 250 76 6.53625 628
268 404 238 370 6.55968 913
268 108 242 92 6.54004 9
268 436 240 456 6.52291 1798
268 468 274 468 6.54289 3516
268 476 272 474 6.54221 3516
268 124 242 122 6.53732 344
68 132 68 126 6.55503 54
68 148 70 140 6.55224 3212
68 156 50 170 6.55481 4444
68 164 40 178 6.5586 0
68 180 86 178 6.54441 3040
68 12 56 30 6.54054 1811
68 212 74 202 6.55319 0
68 220 54 218 6.54623 26
68 228 74 214 6.54322 312
68 260 62 290 6.5356 105
68 268 58 278 6.53635 26
68 276 70 338 6.54062 1768
68 412 16 434 6.47926 506
276 228 250 200 6.54646 50
276 236 258 206 6.54845 288
276 252 286 242 6.52308 38
276 260 258 230 6.54383 916
276 68 244 46 6.51129 0
276 276 262 248 6.55375 916
276 284 262 256 6.55456 916
276 292 274 286 6.54258 916
276 300 272 294 6.5398 916
276 76 246 62 6.51599 421
276 332 240 298 6.54705 1137
276 84 244 68 6.52255 76
276 356 260 340 6.54254 22
276 364 262 348 6.54876 22
276 92 242 78 6.52906 76
276 372 282 386 6.55259 1223
276 388 284 382 6.55294 1480
276 396 250 362 6.56455 913
276 100 258 76 6.52983 628
276 404 250 370 6.55856 913
276 412 282 402 6.55235 1480
276 108 258 84 6.54714 719
276 116 266 94 6.5531 592
284 140 258 118 6.54374 1179
284 36 262 18 6.53041 130
284 44 260 30 6.51523 130
284 188 270 154 6.54412 570
284 52 258 38 6.51002 130
284 236 286 184 6.54952 5
284 252 284 210 6.54236 5
284 260 266 236 6.55044 916
284 268 266 244 6.55124 916
284 68 252 48 6.52757 130
284 292 272 302 6.54112 250
284 76 254 58 6.51824 130
284 84 254 66 6.52319 76
284 340 264 324 6.5382 250
284 348 266 330 6.54005 7
284 356 302 378 6.5484 701
284 364 276 356 6.55839 2
284 372 278 362 6.55822 2
284 396 284 418 6.55534 910
284 404 298 410 6.54625 767
284 28 264 14 6.51862 0
284 452 282 458 6.54185 1578
284 116 262 90 6.55458 719
284 468 286 466 6.53284 1578
284 124 266 106 6.55684 719
292 140 270 116 6.549 474
292 36 268 18 6.52405 130
292 148 266 124 6.52931 619
292 156 268 132 6.5275 619
292 44 266 26 6.52691 130
292 12 274 2 6.48115 2137
292 204 274 168 6.54928 474
292 60 262 46 6.53525 0
292 260 274 234 6.5453 916
292 68 258 50 6.52684 0
292 76 258 58 6.52291 0
292 308 290 308 6.5399 271
292 340 310 344 6.55176 38
292 364 282 356 6.56029 2
292 372 282 362 6.55748 2
292 436 294 434 6.56407 1205
292 444 298 444 6.5623 1205
292 452 298 452 6.55321 1102
292 460 296 458 6.5466 1205
292 124 274 94 6.55474 367
300 140 278 114 6.55506 474
300 36 274 26 6.5303 130
300 148 278 120 6.53695 9
300 156 274 132 6.5327 619
300 172 270 150 6.55183 9
300 44 274 32 6.52934 130
300 188 282 154 6.54325 474
300 204 274 182 6.55682 9
300 52 274 42 6.53276 0
300 212 268 182 6.5556 570
300 220 266 190 6.55528 570
300 60 272 48 6.53973 0
300 252 284 224 6.54176 2
300 76 266 62 6.52521 0
300 316 270 296 6.53825 908
300 332 318 336 6.55258 38
300 372 292 358 6.55493 22
300 380 292 368 6.53818 22
300 100 286 74 6.56726 344
300 108 286 82 6.56885 344
300 436 304 438 6.5594 1205
300 444 294 446 6.55911 2912
300 28 290 10 6.48969 54
300 452 294 452 6.54848 1578
76 140 78 134 6.55627 134
76 148 82 138 6.54893 3212
76 156 76 152 6.55843 3212
76 172 46 186 6.56624 0
76 44 78 62 6.56876 1019
76 180 62 162 6.54321 429
76 212 80 202 6.54578 0
76 220 82 208 6.55034 0
76 228 64 246 6.53946 48
76 60 86 64 6.56377 119
76 4 66 26 6.54573 1811
76 260 62 262 6.53045 0
76 276 78 336 6.53316 1768
76 284 78 344 6.53824 1768
76 20 86 42 6.57 990
76 380 82 382 6.50529 48
76 28 82 38 6.56658 1019
76 116 78 114 6.55394 134
76 468 54 458 6.48082 990
76 124 78 122 6.55539 134
308 132 286 106 6.55977 82
308 36 282 26 6.52718 130
308 148 290 122 6.54053 68
308 156 286 130 6.54132 300
308 164 288 144 6.54579 271
308 188 278 158 6.55107 38
308 196 282 178 6.55095 112
308 204 272 166 6.5486 1223
308 52 282 42 6.52626 130
308 212 278 186 6.56035 570
308 220 278 194 6.56154 570
308 228 282 204 6.54768 9
308 260 292 230 6.54063 2
308 284 334 290 6.5355 2061
308 316 290 294 6.53722 17
308 20 298 0 6.50004 54
308 364 328 384 6.54678 574
308 380 298 366 6.55968 3
308 388 296 374 6.5592 3
308 100 290 74 6.56984 344
308 404 294 394 6.54187 3
308 108 292 82 6.57085 344
308 444 304 446 6.56122 2912
308 460 304 458 6.54755 2912
308 116 274 100 6.56293 300
316 132 294 106 6.56754 82
316 140 298 114 6.56746 82
316 148 298 120 6.53909 68
316 156 296 128 6.53541 300
316 164 292 140 6.54351 68
316 180 294 158 6.54614 271
316 188 290 162 6.54873 9
316 196 286 168 6.55656 9
316 68 312 50 6.51855 96
316 276 302 272 6.54773 112
316 292 280 278 6.53326 532
316 300 310 286 6.53931 2
316 76 312 56 6.53079 96
316 316 298 294 6.53083 17
316 348 302 334 6.54871 250
316 364 322 364 6.54784 48
316 380 304 364 6.56188 3
316 388 306 374 6.55464 3
316 396 302 386 6.56277 7
316 100 286 70 6.54298 86
316 444 310 450 6.55219 1205
20 132 90 166 6.55875 7447
20 44 44 34 6.52254 2109
20 180 10 192 6.52946 736
20 188 6 202 6.52766 736
20 12 10 14 6.47393 553
20 220 18 234 6.52815 400
20 236 30 226 6.51859 153
20 244 18 254 6.53709 153
20 4 6 2 6.47861 553
20 284 8 336 6.50297 1768
20 316 8 322 6.51655 3063
20 324 10 328 6.50979 3063
20 84 14 122 6.52718 228
20 364 28 380 6.49925 3057
20 380 22 392 6.48544 2977
324 132 298 110 6.57496 68
324 44 326 40 6.5139 208
324 180 312 140 6.55207 474
324 188 310 148 6.55157 474
324 196 294 168 6.55 9
324 212 310 178 6.55207 300
324 60 318 42 6.5092 1126
324 260 310 258 6.53858 112
324 68 320 50 6.5241 96
324 276 306 270 6.55425 112
324 284 306 278 6.54981 112
324 300 320 290 6.54678 2
324 76 320 56 6.53017 96
324 308 320 296 6.54237 2
324 324 298 318 6.54553 149
324 332 318 304 6.52141 2
324 348 314 330 6.53959 427
324 356 302 342 6.54543 30
324 364 302 350 6.5496 30
324 92 306 62 6.53209 1035
324 380 314 360 6.55803 7
324 388 306 382 6.55608 100
324 396 310 386 6.55925 7
324 404 310 394 6.56034 7
324 412 310 406 6.5444 100
324 420 344 438 6.52783 884
324 124 298 98 6.56884 68
332 132 306 108 6.5757 68
332 36 334 34 6.51251 96
332 148 306 130 6.54046 86
332 164 302 138 6.52995 68
332 44 334 42 6.52334 96
332 180 320 138 6.53386 474
332 188 296 162 6.55011 9
332 196 298 168 6.54917 9
332 52 282 50 6.5104 792
332 212 322 178 6.55929 300
332 220 318 186 6.55731 300
332 244 318 274 6.5377 44
332 260 334 246 6.53955 1383
332 268 334 250 6.53739 1383
332 68 328 50 6.52101 208
332 284 334 274 6.54944 1383
332 300 326 284 6.53716 2
332 316 310 306 6.54252 46
332 324 304 320 6.53965 149
332 356 310 342 6.5356 30
332 364 314 350 6.53636 30
332 412 318 406 6.53942 30
332 420 352 438 6.53387 884
332 108 302 84 6.54642 68
332 460 302 464 6.54988 1798
332 116 302 92 6.56771 82
332 468 306 470 6.55066 1798
332 124 308 100 6.5714 68
84 132 82 126 6.56045 54
84 140 82 130 6.56528 54
84 36 94 54 6.57429 990
84 148 52 154 6.55965 377
84 164 74 190 6.55721 0
84 172 76 198 6.56042 0
84 188 86 186 6.54383 24
84 12 94 32 6.57283 990
84 52 92 74 6.56619 1065
84 60 96 62 6.5662 119
84 252 76 256 6.52582 0
84 276 94 276 6.53819 24
84 20 98 40 6.5711 990
84 332 86 328 6.53405 98
84 356 86 354 6.53573 98
84 92 84 98 6.54561 0
84 380 98 382 6.53333 3
84 460 58 446 6.49723 1781
84 116 88 108 6.57367 54
84 468 66 458 6.50728 1781
84 476 66 464 6.50556 1781
84 124 86 118 6.56855 54
340 132 318 104 6.55628 86
340 140 316 112 6.5603 86
340 36 342 32 6.51877 208
340 148 320 130 6.55631 300
340 164 330 146 6.52978 910
340 44 340 42 6.52741 208
340 180 312 144 6.55508 271
340 12 306 0 6.47811 827
340 204 328 168 6.54621 109
340 228 326 192 6.53344 9
340 236 334 224 6.53611 1383
340 60 346 48 6.52549 208
340 244 338 222 6.5435 1383
340 252 298 264 6.53711 908
340 260 342 242 6.53498 1383
340 268 346 254 6.54227 1383
340 276 346 262 6.54938 1383
340 76 330 62 6.52057 1250
340 308 338 292 6.54544 2
340 100 318 72 6.54393 86
340 404 330 402 6.53836 22
340 444 322 450 6.54174 1798
340 28 350 22 6.48732 625
340 468 362 462 6.54242 3931
340 124 314 100 6.5625 9
348 140 322 112 6.55025 474
348 36 352 32 6.52358 96
348 44 350 38 6.5302 96
348 188 318 154 6.54924 9
348 196 320 162 6.55679 9
348 52 350 42 6.53055 208
348 244 346 228 6.54844 1383
348 252 346 234 6.53868 1383
348 284 346 266 6.54791 1383
348 292 328 270 6.54098 112
348 300 350 272 6.54963 2
348 316 318 320 6.54093 140
348 20 306 28 6.48961 707
348 332 328 318 6.54538 2
348 84 334 68 6.52091 1250
348 340 326 326 6.54434 2
348 356 354 356 6.53447 1383
348 372 330 370 6.53386 22
348 380 342 380 6.53755 46
348 388 340 390 6.5311 46
348 100 314 82 6.52924 86
348 108 322 78 6.52755 68
348 28 358 22 6.50223 625
348 452 326 458 6.54216 1798
348 460 370 458 6.54646 3931
348 116 318 94 6.55457 474
348 468 326 474 6.54168 1798
356 132 326 110 6.55354 82
356 140 328 122 6.55505 82
356 36 362 32 6.53042 96
356 148 344 110 6.54944 82
356 172 338 134 6.5494 271
356 44 358 40 6.5366 96
356 180 340 146 6.5371 964
356 188 318 168 6.5428 28
356 196 318 178 6.55358 654
356 52 360 48 6.5132 625
356 220 334 194 6.52281 9
356 228 336 202 6.51695 9
356 244 354 228 6.54916 1383
356 252 334 262 6.55012 908
356 268 338 280 6.55191 908
356 284 352 268 6.54128 1383
356 300 362 274 6.54788 2
356 308 360 280 6.54906 2
356 316 346 302 6.5417 916
356 332 336 314 6.5358 2
356 356 320 342 6.53341 34
356 364 342 362 6.53714 46
356 92 346 62 6.50509 1028
356 372 344 370 6.54128 46
356 380 348 402 6.54324 676
356 100 330 76 6.55211 300
356 28 364 26 6.51618 625
356 460 354 458 6.53941 6082
356 116 328 94 6.55398 68
356 468 354 464 6.54 6082
356 124 326 102 6.53601 68
364 132 338 112 6.55989 82
364 140 338 120 6.56063 82
364 36 370 30 6.51754 625
364 156 330 132 6.54457 916
364 164 344 130 6.55277 271
364 172 344 138 6.54738 271
364 44 366 40 6.52374 625
364 188 346 150 6.54641 271
364 204 326 188 6.5487 654
364 220 334 202 6.51849 916
364 228 358 222 6.5516 1383
364 252 362 242 6.55764 1383
364 260 342 270 6.55312 908
364 268 342 278 6.55893 908
364 276 362 254 6.56468 1383
364 284 362 262 6.55618 1383
364 364 350 376 6.53539 676
364 388 354 410 6.53061 676
364 100 338 76 6.5493 300
364 428 372 418 6.53068 4047
364 108 338 88 6.55761 68
364 444 382 422 6.53495 4888
364 452 384 426 6.54766 4888
364 460 382 432 6.54926 4888
364 468 382 442 6.55789 4888
364 124 334 102 6.54692 68
92 148 62 154 6.55441 377
92 156 98 154 6.55078 2114
92 164 88 152 6.55984 3679
92 172 82 198 6.56005 0
92 180 70 160 6.55812 1231
92 12 102 34 6.5648 884
92 52 98 74 6.56829 1065
92 212 86 222 6.52801 19
92 268 76 278 6.53502 26
92 276 100 274 6.54064 24
92 284 98 282 6.5342 24
92 20 94 30 6.56162 54
92 380 104 382 6.52996 3
92 388 102 390 6.53604 3
92 100 62 116 6.54905 115
92 412 38 434 6.48585 506
92 108 62 122 6.54661 115
92 28 102 48 6.56512 884
92 468 74 454 6.50649 1781
92 124 94 118 6.57234 54
372 36 374 32 6.49386 1485
372 172 358 146 6.54507 2
372 196 330 182 6.54022 50
372 212 342 194 6.50814 719
372 228 354 236 6.55462 3081
372 236 366 222 6.56538 1013
372 244 366 226 6.5638 1013
372 252 362 234 6.56806 1013
372 276 370 258 6.55796 1383
372 284 366 266 6.56298 1383
372 316 352 296 6.53373 2
372 340 370 334 6.54665 654
372 348 368 342 6.5492 654
372 364 366 334 6.54188 271
372 372 366 390 6.54011 676
372 380 370 358 6.54152 271
372 388 356 402 6.54305 910
372 396 358 418 6.54479 910
372 404 358 426 6.539 910
372 108 350 80 6.53281 1751
372 460 390 434 6.55175 4888
372 468 368 468 6.5517 3040
372 476 370 472 6.55348 3040
372 124 342 100 6.51395 86
380 132 366 102 6.52356 570
380 188 348 162 6.53125 1046
380 196 342 186 6.53322 916
380 204 344 190 6.5397 916
380 228 374 218 6.56981 1383
380 244 370 228 6.57131 1013
380 252 370 234 6.5652 1013
380 260 382 244 6.54589 1383
380 284 382 264 6.5437 1383
380 292 368 266 6.52813 1885
380 340 330 328 6.55126 355
380 364 376 334 6.54947 271
380 380 362 392 6.5237 910
380 388 362 400 6.538 910
380 396 370 414 6.54276 910
380 100 356 70 6.51991 1751
380 404 366 422 6.53951 910
380 420 390 408 6.52744 4503
380 428 384 420 6.54369 3040
380 108 354 82 6.53011 1751
380 460 396 434 6.54859 4888
380 468 396 454 6.55297 4047
380 476 376 474 6.55065 3040
388 148 358 126 6.53744 929
388 156 354 136 6.54527 929
388 196 362 174 6.53496 725
388 204 362 178 6.53177 725
388 212 362 190 6.52911 592
388 220 380 206 6.54124 423
388 236 380 222 6.57416 1383
388 244 386 240 6.5697 1383
388 252 384 250 6.56973 1383
388 324 350 306 6.5398 92
388 332 386 336 6.55383 676
388 84 364 58 6.44245 3489
388 340 334 326 6.55173 355
388 348 366 366 6.54968 910
388 356 376 350 6.54645 654
388 364 374 362 6.54896 654
388 388 378 384 6.52738 1046
388 412 336 406 6.52972 3018
388 108 348 92 6.51033 719
388 460 386 460 6.54864 3040
388 468 406 444 6.55411 4888
396 132 370 108 6.53539 1137
396 140 368 114 6.54496 1137
396 148 368 120 6.54458 676
396 156 362 136 6.54743 1137
396 180 374 152 6.49882 288
396 188 372 166 6.514 423
396 220 376 190 6.53602 288
396 228 390 216 6.55539 1013
396 244 392 222 6.5644 1013
396 252 394 234 6.56432 1013
396 260 394 242 6.55309 288
396 268 394 250 6.5504 288
396 292 386 264 6.48085 288
396 332 394 338 6.55417 676
396 84 368 66 6.46778 6026
396 340 394 346 6.55308 676
396 348 376 370 6.54757 4097
396 364 382 336 6.54605 271
396 372 370 390 6.53515 910
396 388 402 398 6.53288 2663
396 396 346 386 6.5364 994
396 404 346 392 6.53025 1132
396 412 402 414 6.52747 2749
396 428 392 426 6.55174 3623
396 108 358 94 6.50856 719
396 444 410 442 6.54963 3679
396 468 394 466 6.54855 3040
100 140 96 118 6.55813 4444
100 36 108 54 6.56565 884
100 148 96 168 6.56918 0
100 164 94 142 6.55486 60
100 172 90 190 6.55853 0
100 196 94 214 6.54416 0
100 204 94 220 6.5389 0
100 52 106 74 6.5516 1359
100 212 94 204 6.54976 109
100 308 116 278 6.52542 737
100 20 106 42 6.56031 990
100 324 40 378 6.52353 1838
100 332 84 318 6.54138 367
100 84 102 90 6.56224 54
100 388 92 370 6.51485 361
100 100 106 110 6.56372 2114
100 452 88 454 6.49818 1417
404 132 376 110 6.5442 1137
404 140 400 100 6.54101 271
404 148 368 130 6.55314 1137
404 172 402 128 6.54299 92
404 180 406 136 6.5206 910
404 188 376 166 6.5173 1137
404 196 394 166 6.50971 929
404 52 378 22 6.48761 4590
404 260 410 242 6.53542 1223
404 268 406 246 6.55042 1223
404 68 372 42 6.48628 6026
404 276 436 310 6.54254 1914
404 316 360 298 6.54092 355
404 324 358 310 6.54457 355
404 340 362 350 6.53679 809
404 348 402 350 6.54874 676
404 356 402 362 6.54554 676
404 364 378 382 6.53652 910
404 388 354 374 6.52426 994
404 412 382 424 6.54421 5109
404 428 402 426 6.54953 3623
404 108 402 62 6.50251 1698
404 460 398 458 6.53929 3623
404 468 418 438 6.54347 4753
404 476 390 474 6.54909 3623
404 124 382 98 6.5335 877
412 132 406 90 6.54785 271
412 172 410 130 6.53569 92
412 44 386 8 6.48983 2713
412 196 398 170 6.48354 929
412 204 400 178 6.50948 676
412 212 398 186 6.51565 676
412 236 402 226 6.51758 676
412 252 442 286 6.52963 1914
412 308 414 266 6.52465 917
412 316 390 322 6.54094 877
412 324 390 328 6.54056 877
412 84 378 64 6.45338 6026
412 340 368 350 6.53364 809
412 348 410 354 6.54248 676
412 364 386 382 6.52986 910
412 404 408 394 6.53124 3291
412 412 394 422 6.54894 5109
412 428 384 444 6.54455 5109
412 436 382 452 6.53778 5109
412 452 428 426 6.53532 4888
412 116 382 92 6.5366 308
412 468 434 436 6.538 4888
412 476 410 450 6.54238 4152
412 124 406 78 6.53507 355
420 140 430 98 6.53449 1760
420 148 388 118 6.53619 672
420 164 410 126 6.53954 92
420 172 414 138 6.52916 92
420 212 402 190 6.51242 271
420 220 416 196 6.51681 576
420 228 418 204 6.52262 576
420 244 398 214 6.52684 576
420 252 454 288 6.52865 1914
420 260 400 234 6.52291 701
420 268 450 314 6.5219 1914
420 292 412 254 6.51408 92
420 308 382 288 6.53402 92
420 316 382 296 6.54264 92
420 324 386 302 6.5327 92
420 332 404 314 6.53521 271
420 340 358 320 6.52354 994
420 348 356 328 6.53068 994
420 396 410 386 6.5224 3124
420 420 418 410 6.54218 3291
420 428 410 422 6.5333 3516
420 108 398 72 6.52227 1143
420 452 430 450 6.53978 3040
420 460 438 428 6.53991 4888
420 116 390 92 6.54103 92
428 132 376 120 6.545 1844
428 140 378 128 6.54743 1844
428 164 422 130 6.53517 92
428 172 422 138 6.53861 92
428 180 414 154 6.51502 355
428 212 412 194 6.5214 271
428 220 412 200 6.51691 271
428 228 424 204 6.53111 576
428 236 402 206 6.52459 576
428 60 370 54 6.47821 5845
428 244 400 212 6.52019 92
428 252 466 302 6.51662 1914
428 260 410 234 6.5288 701
428 276 370 278 6.52602 1512
428 284 418 258 6.52483 308
428 292 420 254 6.52745 92
428 308 394 290 6.54137 92
428 316 362 304 6.53846 1844
428 324 398 302 6.54008 92
428 332 396 314 6.5385 92
428 348 394 328 6.53547 92
428 356 438 374 6.52441 674
428 364 442 382 6.52684 674
428 372 442 388 6.53059 674
428 100 414 64 6.52184 917
428 404 402 354 6.52344 547
428 412 424 414 6.5391 2749
428 420 422 418 6.54212 2749
428 436 418 442 6.53317 3516
428 444 438 444 6.53364 3040
428 116 386 102 6.54568 1844
428 476 414 474 6.52076 3040
108 36 114 54 6.56619 884
108 156 104 174 6.56954 0
108 164 106 150 6.56274 4444
108 172 98 190 6.55936 0
108 188 108 186 6.55274 17
108 12 128 8 6.5605 1941
108 196 118 170 6.55691 34
108 204 74 224 6.57158 9
108 52 112 76 6.54793 1065
108 212 74 234 6.56864 9
108 220 82 238 6.55831 9
108 228 82 248 6.55445 9
108 4 128 0 6.55689 1941
108 76 110 86 6.53932 3040
108 20 94 46 6.56241 1019
108 332 92 334 6.54658 361
108 84 106 90 6.55542 54
108 348 98 330 6.55071 9
108 356 94 338 6.5519 9
108 364 156 396 6.53746 761
108 92 106 98 6.56239 54
108 100 110 112 6.56085 2114
108 108 114 118 6.55631 2114
108 116 114 126 6.5586 2114
108 124 114 134 6.55702 2114
436 132 410 102 6.53975 1161
436 140 402 110 6.54854 308
436 148 428 106 6.51888 355
436 164 402 146 6.52092 308
436 172 416 144 6.5188 1512
436 180 416 154 6.51903 1490
436 188 410 164 6.51157 1512
436 196 414 170 6.51635 2285
436 204 414 182 6.49893 2285
436 220 412 186 6.50538 355
436 60 370 60 6.48012 5845
436 244 418 218 6.48696 547
436 4 368 4 6.49455 5845
436 260 470 310 6.51823 1914
436 276 426 250 6.51834 308
436 300 470 342 6.52275 1914
436 308 374 296 6.54548 1844
436 316 372 304 6.54064 1844
436 324 376 310 6.52887 1844
436 348 442 366 6.52055 2749
436 92 414 62 6.48441 2778
436 396 410 342 6.51338 547
436 100 432 62 6.53074 1760
436 412 434 412 6.53799 2749
436 420 434 418 6.53766 2749
436 108 416 74 6.53742 1143
436 116 394 102 6.54561 1844
444 132 394 114 6.5528 1844
444 140 394 122 6.55135 1844
444 148 416 122 6.50915 1490
444 156 442 118 6.50473 1756
444 44 380 30 6.46973 7693
444 180 426 150 6.51719 1490
444 188 422 162 6.49541 1512
444 12 378 12 6.49556 5845
444 196 422 170 6.51033 2285
444 204 418 182 6.50881 2285
444 228 454 238 6.48081 2977
444 60 378 60 6.47951 5845
444 244 462 258 6.48465 2977
444 252 458 264 6.48723 2977
444 260 416 238 6.48779 1490
444 76 414 52 6.48133 5954
444 332 378 316 6.51607 1844
444 84 418 56 6.48853 3353
444 356 456 374 6.50885 5109
444 92 436 48 6.48197 3687
444 372 458 390 6.51152 5109
444 380 410 350 6.51137 2285
444 396 448 392 6.50068 5627
444 420 440 414 6.52791 5323
444 468 440 434 6.52988 8568
444 476 442 440 6.52521 8568
444 124 418 90 6.52945 1143
28 180 14 190 6.51021 736
28 52 46 50 6.53368 4444
28 220 44 230 6.53356 4677
28 228 44 236 6.53146 4677
28 60 48 56 6.53193 2109
28 244 28 252 6.54748 153
28 252 26 258 6.54929 153
28 260 22 262 6.54609 153
28 268 30 276 6.52816 351
28 84 50 86 6.54067 4444
28 124 106 160 6.55303 7447
452 132 404 112 6.55055 1844
452 140 406 120 6.54598 1844
452 36 386 40 6.48846 7693
452 180 434 162 6.50176 1512
452 188 434 168 6.49941 1512
452 12 386 6 6.50041 5845
452 52 382 54 6.48636 7693
452 220 438 190 6.5105 1760
452 228 462 236 6.49187 2977
452 236 462 242 6.48467 2977
452 60 420 36 6.48238 5954
452 244 470 258 6.48687 2977
452 4 382 2 6.4969 5845
452 260 446 226 6.47383 1698
452 268 496 310 6.47945 1914
452 68 422 42 6.47769 5954
452 292 432 258 6.49512 1756
452 76 424 50 6.48123 5954
452 324 386 310 6.52387 1844
452 348 462 316 6.50859 1852
452 356 462 322 6.50967 1852
452 100 442 58 6.51777 1760
452 108 444 70 6.51419 1760
452 444 454 452 6.50572 5307
452 468 438 468 6.52304 5006
460 132 446 96 6.52412 1698
460 140 442 110 6.51535 1122
460 36 394 40 6.4958 7693
460 148 452 114 6.49691 2850
460 172 436 146 6.51791 1512
460 44 394 48 6.48623 7693
460 180 442 162 6.50977 1512
460 188 440 170 6.49949 1512
460 12 392 6 6.49864 5845
460 52 390 56 6.47133 7693
460 212 442 184 6.50814 1760
460 220 446 192 6.49418 1760
460 236 464 242 6.46182 3348
460 60 390 64 6.48381 7693
460 260 450 230 6.46167 1698
460 92 446 46 6.4981 4540
460 100 450 58 6.51788 1760
460 108 450 68 6.50748 1760
460 436 450 430 6.5209 4965
460 116 452 82 6.52484 2850
460 124 446 90 6.52407 1698
116 132 86 154 6.55536 377
116 156 114 152 6.55285 4005
116 164 114 150 6.55824 4444
116 196 124 168 6.5621 34
116 204 118 190 6.56433 46
116 220 122 200 6.56338 34
116 60 114 62 6.55743 2114
116 84 118 82 6.56979 76
116 348 94 346 6.54714 254
116 356 102 338 6.55312 9
116 364 162 394 6.54004 761
116 92 118 88 6.5722 76
116 396 116 398 6.54234 3
116 100 118 96 6.56435 76
468 132 466 92 6.50589 2850
468 140 466 100 6.50402 2850
468 36 400 40 6.48968 7693
468 148 458 112 6.50489 2850
468 164 470 128 6.48379 2825
468 12 394 8 6.48126 6591
468 220 486 250 6.44813 2977
468 228 470 232 6.4537 2939
468 60 396 62 6.47135 7693
468 276 454 266 6.47289 6184
468 92 466 48 6.50165 4540
468 380 466 400 6.4955 2977
468 412 460 406 6.50146 5930
468 420 460 414 6.51438 5930
468 428 462 424 6.51316 5930
468 108 466 66 6.50069 2850
468 444 458 448 6.48143 7349
468 28 398 22 6.47994 6591
468 452 474 458 6.49574 5489
468 116 462 82 6.52298 2850
476 132 478 90 6.48598 2825
476 140 478 98 6.48826 2825
476 36 408 40 6.47874 7693
476 156 458 128 6.48417 3146
476 164 478 128 6.4805 2825
476 172 478 138 6.48113 2825
476 180 466 146 6.47407 3057
476 12 402 6 6.4742 7693
476 204 486 224 6.45852 2977
476 52 406 52 6.48412 7693
476 212 486 232 6.46452 2977
476 4 424 4 6.46026 7423
476 308 472 288 6.48404 3779
476 20 424 18 6.46603 7445
476 324 466 314 6.49115 3779
476 84 454 48 6.48452 5292
476 356 494 366 6.49448 8574
476 364 476 370 6.48365 7330
476 92 472 48 6.5105 4540
476 372 472 394 6.4848 2977
476 100 466 62 6.51153 3343
476 420 470 418 6.48176 7324
476 436 470 430 6.48248 7324
476 452 476 450 6.48002 6104
476 116 470 78 6.50587 3343
476 468 470 462 6.4956 6854
476 476 470 476 6.46982 7650
484 132 486 90 6.48269 3427
484 140 486 96 6.47371 3343
484 36 434 28 6.47137 7445
484 148 478 106 6.46823 3343
484 156 478 118 6.47843 3343
484 172 464 152 6.46894 3343
484 44 444 30 6.45936 5573
484 180 486 178 6.46578 2939
484 188 470 168 6.45564 3343
484 12 430 10 6.46646 7445
484 196 496 218 6.46494 2977
484 212 494 230 6.45265 2977
484 60 476 34 6.47799 6948
484 252 502 312 6.41018 3057
484 76 442 38 6.47232 5573
484 316 498 332 6.47508 3057
484 348 480 348 6.49651 7356
484 356 482 356 6.48742 7356
484 364 482 366 6.49372 7356
484 92 466 46 6.49211 4680
484 372 482 376 6.49353 7356
484 380 480 402 6.47342 2977
484 396 482 394 6.4667 7356
484 412 476 406 6.49211 7349
484 428 474 426 6.49282 7349
484 108 472 74 6.51418 3343
484 436 474 432 6.49643 7349
484 116 482 74 6.5018 3343
484 468 478 464 6.46842 6854
484 476 478 478 6.44382 6781
484 124 486 82 6.4877 3720
492 132 490 94 6.4912 3427
492 164 488 118 6.46193 3754
492 188 482 170 6.45912 4166
492 12 454 0 6.44348 7445
492 196 490 182 6.47662 2939
492 52 454 38 6.48505 4590
492 212 496 226 6.45926 2939
492 220 498 234 6.46206 2939
492 316 538 290 6.45971 5566
492 340 506 358 6.50313 6155
492 348 506 366 6.50837 6155
492 356 488 354 6.50429 7356
492 372 488 374 6.49403 7356
492 388 486 386 6.48811 8906
492 404 494 402 6.48222 7396
492 412 484 408 6.49715 6854
492 420 482 418 6.4942 6854
492 428 480 426 6.50107 7349
492 444 494 446 6.51297 6854
492 452 498 458 6.51757 6854
492 460 486 458 6.51773 7147
492 116 488 76 6.49201 4166
492 124 490 84 6.49584 3720
124 156 118 162 6.55421 2
124 44 104 70 6.56426 1019
124 196 128 166 6.55637 34
124 212 134 194 6.56179 34
124 220 130 202 6.56662 34
124 236 130 246 6.55849 0
124 268 126 258 6.52962 0
124 20 132 30 6.555 1102
124 332 114 310 6.53691 9
124 84 128 82 6.57874 76
124 92 126 88 6.57319 76
124 396 122 394 6.54809 3
124 100 126 98 6.56442 76
124 412 62 424 6.51093 34
124 108 126 108 6.56945 134
500 156 498 138 6.47812 4376
500 44 462 30 6.47926 5573
500 180 502 174 6.47837 2939
500 188 502 178 6.47227 2939
500 196 494 186 6.48507 2939
500 204 496 190 6.47354 2939
500 52 486 26 6.49232 6948
500 276 498 250 6.46722 7372
500 76 458 38 6.48607 8052
500 20 458 8 6.46042 7445
500 324 490 288 6.47109 9533
500 332 510 346 6.46949 8574
500 356 510 370 6.49721 8574
500 372 500 362 6.49569 7498
500 388 492 382 6.48344 8906
500 396 500 394 6.47915 8994
500 404 502 404 6.48396 7396
500 412 490 408 6.48893 6854
500 420 490 418 6.50107 6854
500 428 498 426 6.48557 7396
500 108 518 64 6.49284 8371
500 444 502 448 6.51591 6854
500 452 490 450 6.51498 7147
500 460 492 458 6.51419 7147
500 468 512 464 6.49586 8906
500 124 496 82 6.48782 4166
508 132 514 90 6.47181 4249
508 140 514 98 6.47828 4249
508 148 506 110 6.48617 4249
508 156 506 136 6.47862 4376
508 180 504 166 6.45881 3542
508 188 506 176 6.45846 3542
508 196 496 274 6.47082 6089
508 204 518 214 6.47011 6754
508 52 474 40 6.48616 5573
508 212 514 226 6.46531 6754
508 220 496 298 6.45998 6089
508 228 502 192 6.42538 3793
508 4 446 0 6.43531 7980
508 284 512 286 6.45262 4722
508 316 498 280 6.4759 9533
508 332 500 294 6.46507 7372
508 84 482 50 6.47407 4742
508 340 522 368 6.47886 6155
508 348 522 378 6.48841 6155
508 380 510 386 6.48549 7356
508 388 502 378 6.483 7498
508 396 510 398 6.48057 7356
508 428 514 438 6.47609 7445
508 108 508 62 6.49763 5027
508 436 506 442 6.49951 7147
508 444 522 446 6.50659 7475
508 116 506 76 6.48399 3793
508 468 498 466 6.48043 7542
